     0         0.00022685906           1.611795138           1.612021997
   250          0.2785064785           1.333537798           1.612044276
   500          0.6769539316          0.9351000317           1.612053963
   750          0.8489141073          0.7631436932             1.6120578
  1000          0.5123764524           1.099681717            1.61205817
  1250          0.2796749405           1.332374084           1.612049025
  1500          0.3344990129           1.277547538           1.612046551
  1750          0.4817645562           1.130284746           1.612049302
  2000          0.2711686535           1.340867901           1.612036555
  2250          0.3991898288           1.212859215           1.612049043
  2500          0.2463120438           1.365735962           1.612048006
  2750          0.2989814823            1.31306918           1.612050663
  3000          0.4036744577           1.208377936           1.612052394
  3250          0.3061813382           1.305869151           1.612050489
  3500          0.3687553888           1.243298947           1.612054336
  3750          0.4355077775           1.176546871           1.612054648
  4000           0.267679444           1.344371239           1.612050683
  4250          0.3609272165           1.251117863            1.61204508
  4500          0.2587235849           1.353319569           1.612043154
  4750           0.334522138           1.277526285           1.612048422
  5000          0.3414471937            1.27059759           1.612044783
  5250          0.3905595799           1.221499797           1.612059377
  5500          0.3607485574           1.251303053           1.612051611
  5750          0.4068541618           1.205208264           1.612062425
  6000          0.3673265948           1.244724823           1.612051418
  6250          0.3338841858           1.278162295           1.612046481
  6500          0.4134287186           1.198620741           1.612049459
  6750          0.3136577183           1.298387557           1.612045275
  7000          0.3704915035           1.241554751           1.612046255
  7250          0.2512749618           1.360766414           1.612041376
  7500          0.3688464675           1.243196575           1.612043043
  7750          0.2360781095           1.375961776           1.612039885
  8000          0.4164165172           1.195630762           1.612047279
  8250          0.2604528727           1.351595645           1.612048517
  8500          0.5100299522           1.102027427            1.61205738
  8750          0.3572821854           1.254777914           1.612060099
  9000          0.4670911474           1.144963361           1.612054509
  9250          0.3474672605           1.264586728           1.612053988
  9500          0.3873506611            1.22469871           1.612049371
  9750          0.3725805981           1.239477472            1.61205807
 10000          0.4717178968           1.140339506           1.612057403
 10250          0.2905429476           1.321509058           1.612052006
 10500          0.4527605793           1.159289644           1.612050223
 10750          0.3208791098           1.291170303           1.612049413
 11000          0.3956030356           1.216445157           1.612048193
 11250           0.259331122           1.352710233           1.612041355
 11500          0.4225530632           1.189497524           1.612050587
 11750          0.3249659827           1.287085562           1.612051545
 12000          0.3864702572           1.225579843           1.612050101
 12250          0.2851087602           1.326937764           1.612046524
 12500          0.3960784178           1.215968859           1.612047277
 12750          0.3247571021           1.287292962           1.612050064
 13000          0.3497062737           1.262343246            1.61204952
 13250          0.3596962767           1.252354623           1.612050899
 13500          0.3801990764           1.231852963            1.61205204
 13750          0.3347668258           1.277279481           1.612046307
 14000          0.3691171685           1.242927496           1.612044665
 14250          0.3571132527           1.254937407            1.61205066
 14500          0.4001940861           1.211857624            1.61205171
 14750          0.3738303478            1.23821776           1.612048108
 15000           0.410723462            1.20132979           1.612053252
 15250          0.3661296577           1.245920379           1.612050036
 15500          0.3806758739            1.23137822           1.612054094
 15750          0.3748502278           1.237201479           1.612051707
 16000           0.338591434           1.273460616            1.61205205
 16250          0.3857769939           1.226275294           1.612052288
 16500          0.2913685986            1.32067564           1.612044239
 16750           0.411065406           1.200990829           1.612056235
 17000          0.3768170484           1.235234051           1.612051099
 17250          0.3286799399           1.283368019           1.612047959
 17500          0.3573546779           1.254692787           1.612047465
 17750          0.3978837853            1.21416753           1.612051315
 18000          0.3878474241            1.22420187           1.612049294
 18250          0.3302279617           1.281822126           1.612050088
 18500          0.4597331454           1.152320186           1.612053332
 18750          0.3118496684           1.300196569           1.612046238
 19000          0.3843099956           1.227739374           1.612049369
 19250          0.3543268213           1.257728667           1.612055489
 19500          0.4208686213            1.19118911           1.612057731
 19750          0.3031444949           1.308902603           1.612047098
 20000          0.3867836287           1.225265947           1.612049576
 20250          0.3096687969           1.302378814           1.612047611
 20500          0.3502411624           1.261806787           1.612047949
 20750          0.3619645094           1.250089639           1.612054149
 21000          0.3713983761            1.24065055           1.612048926
 21250          0.2749497663           1.337090137           1.612039904
 21500          0.3038616297           1.308181972           1.612043602
 21750          0.3357172563           1.276328989           1.612046245
 22000          0.3119564572           1.300085429           1.612041886
 22250          0.3182395744           1.293803542           1.612043117
 22500          0.2968412681           1.315199679           1.612040947
 22750          0.2758965842            1.33614208           1.612038664
 23000          0.3602883097            1.25176265           1.612050959
 23250          0.4115931433           1.200461394           1.612054537
 23500          0.3385070486           1.273542203           1.612049251
 23750           0.337419535           1.274628643           1.612048178
 24000          0.4024249453           1.209622489           1.612047434
 24250          0.3232209454           1.288829483           1.612050429
 24500          0.4415561309           1.170497364           1.612053495
 24750          0.3245273218           1.287524221           1.612051543
 25000          0.4022560612           1.209797871           1.612053932
 25250          0.3487556363           1.263293889           1.612049525
 25500          0.4310558015            1.18099838           1.612054182
 25750          0.3088656599            1.30318443            1.61205009
 26000          0.3991495289           1.212900834           1.612050363
 26250          0.3299360431           1.282109814           1.612045857
 26500          0.3680003302            1.24404416            1.61204449
 26750          0.4203686276           1.191682649           1.612051276
 27000          0.3737252491           1.238323636           1.612048885
 27250          0.4235053179           1.188551499           1.612056817
 27500          0.4797227485           1.132334661            1.61205741
 27750          0.3806750857           1.231379144            1.61205423
 28000          0.4382336025           1.173818468            1.61205207
 28250          0.3585411472           1.253512173            1.61205332
 28500          0.3762303145           1.235819496            1.61204981
 28750          0.3464972107           1.265551931           1.612049142
 29000            0.35172565           1.260316957           1.612042607
 29250          0.2967413965           1.315303572           1.612044968
 29500          0.4550951014           1.156954984           1.612050085
 29750          0.3647946752           1.247258321           1.612052996
 30000          0.4602730854           1.151784161           1.612057247
 30250          0.3159255503           1.296123883           1.612049433
 30500          0.4037857454           1.208262027           1.612047772
 30750          0.3038688458           1.308179343           1.612048189
 31000          0.3798640601           1.232182665           1.612046725
 31250          0.3318969079           1.280149951           1.612046859
 31500          0.4037449522           1.208300672           1.612045624
 31750          0.3963553986            1.21569668           1.612052078
 32000          0.3703118934           1.241735649           1.612047542
 32250          0.3860176782           1.226040228           1.612057906
 32500          0.4627508607           1.149305312           1.612056173
 32750          0.3257824013           1.286267729            1.61205013
 33000          0.3896037092           1.222442345           1.612046054
 33250          0.2811570699           1.330888117           1.612045187
 33500           0.496443054           1.115609865           1.612052919
 33750          0.2345897623           1.377455405           1.612045167
 34000          0.3759282411            1.23611919           1.612047431
 34250          0.3849889034           1.227063971           1.612052875
 34500           0.392991551           1.219055181           1.612046732
 34750          0.3797806872           1.232274133            1.61205482
 35000          0.4404076113           1.171652877           1.612060489
 35250          0.4135291309           1.198525702           1.612054833
 35500          0.3332034186           1.278844448           1.612047867
 35750          0.3506476136           1.261399119           1.612046733
 36000          0.3220937808           1.289955665           1.612049446
 36250          0.3793067439           1.232743099           1.612049843
 36500          0.3343290331           1.277725494           1.612054527
 36750          0.4854952932           1.126557916           1.612053209
 37000          0.3562536725           1.255796131           1.612049804
 37250           0.502711211            1.10934865           1.612059861
 37500          0.3532848237           1.258772134           1.612056958
 37750          0.4453087425           1.166746348            1.61205509
 38000           0.374241398           1.237811682            1.61205308
 38250          0.3604802121            1.25157078           1.612050993
 38500          0.4510250197           1.161035608           1.612060628
 38750          0.4360659779           1.175990218           1.612056196
 39000          0.4387640344           1.173289957           1.612053992
 39250          0.3501787089           1.261872625           1.612051334
 39500          0.3793761194           1.232673188           1.612049307
 39750          0.3607776286           1.251278048           1.612055677
 40000          0.4436083003           1.168446945           1.612055245
 40250          0.3975337517           1.214522689           1.612056441
 40500          0.4403216697           1.171729639           1.612051309
 40750          0.2939470273           1.318100064           1.612047091
 41000          0.4216676833           1.190387181           1.612054864
 41250          0.3814533776           1.230594876           1.612048253
 41500          0.4615342884           1.150521356           1.612055644
 41750          0.4403062272           1.171745122            1.61205135
 42000          0.3336646053           1.278379785            1.61204439
 42250          0.4571467128           1.154908701           1.612055414
 42500          0.3940334762           1.218014119           1.612047595
 42750           0.319345186            1.29270319           1.612048376
 43000          0.4086871411             1.2033605           1.612047641
 43250          0.3547276346           1.257323871           1.612051505
 43500          0.4489406671           1.163109169           1.612049836
 43750          0.2974384781           1.314609801           1.612048279
 44000          0.4479178112           1.164134732           1.612052543
 44250          0.2640930593            1.34795142           1.612044479
 44500          0.3628292158           1.249220138           1.612049354
 44750          0.2742678192           1.337783311            1.61205113
 45000          0.3704104483           1.241640289           1.612050737
 45250          0.4038538104            1.20820007            1.61205388
 45500          0.3381461645           1.273900997           1.612047162
 45750          0.3586114389           1.253437816           1.612049255
 46000          0.3670417597           1.245014393           1.612056153
 46250          0.4341743571           1.177879878           1.612054236
 46500          0.3151122885           1.296934473           1.612046761
 46750          0.5405805795             1.0714771           1.612057679
 47000          0.3997733911           1.212282236           1.612055628
 47250          0.3794289402           1.232624106           1.612053046
 47500           0.402202659           1.209853712           1.612056371
 47750          0.3900722673           1.221980526           1.612052794
 48000          0.3867871741           1.225260405           1.612047579
 48250          0.4171491429           1.194907713           1.612056856
 48500          0.4391207982           1.172932528           1.612053326
 48750          0.4214421509           1.190614951           1.612057101
 49000          0.4295831194           1.182467306           1.612050425
 49250          0.3652996772           1.246749191           1.612048868
 49500          0.4604107373           1.151641062           1.612051799
 49750           0.361119878           1.250931358           1.612051236
 50000          0.4183266732           1.193725593           1.612052266
 50250          0.2519826682           1.360059092            1.61204176
 50500          0.3643196889           1.247729789           1.612049478
 50750          0.2339254957           1.378120738           1.612046233
 51000          0.3808640975           1.231190623           1.612054721
 51250          0.2799985453           1.332051855             1.6120504
 51500           0.356973534           1.255075593           1.612049127
 51750           0.411456926           1.200597071           1.612053997
 52000          0.4153745102           1.196676935           1.612051445
 52250          0.4303854609           1.181672786           1.612058246
 52500          0.5121096358           1.099947533           1.612057169
 52750          0.3424257092           1.269623112           1.612048821
 53000          0.3703824272           1.241666043           1.612048471
 53250          0.3706976917           1.241357383           1.612055075
 53500          0.2834708346           1.328577047           1.612047882
 53750          0.4365342117           1.175521031           1.612055242
 54000           0.340691058            1.27135572           1.612046778
 54250          0.3548621515           1.257186263           1.612048415
 54500          0.3741486441           1.237901398           1.612050042
 54750          0.3906098968           1.221441168           1.612051065
 55000           0.371655401           1.240398618           1.612054019
 55250          0.3345729187           1.277475259           1.612048178
 55500          0.3460396418           1.266009797           1.612049438
 55750          0.3462251455           1.265829352           1.612054498
 56000          0.2855319914           1.326516402           1.612048393
 56250          0.3995964004           1.212458173           1.612054573
 56500          0.3400980622           1.271949354           1.612047416
 56750          0.3156463026           1.296397569           1.612043872
 57000           0.367750088           1.244297512             1.6120476
 57250          0.3529325878           1.259115569           1.612048157
 57500          0.2939407861           1.318107239           1.612048025
 57750          0.2865376406           1.325509755           1.612047395
 58000          0.3165543113           1.295497096           1.612051408
 58250          0.3343333946           1.277718774           1.612052169
 58500          0.3463700491            1.26568488           1.612054929
 58750          0.5101346917           1.101924729           1.612059421
 59000          0.3677653241           1.244284569           1.612049893
 59250          0.3867019646           1.225349091           1.612051056
 59500          0.2728625634            1.33918336           1.612045923
 59750          0.4388962751           1.173157699           1.612053974
 60000          0.2960663137           1.315982314           1.612048628
 60250          0.3361041033           1.275942679           1.612046783
 60500          0.3969185498           1.215135439           1.612053989
 60750          0.4383377265           1.173713738           1.612051464
 61000           0.351195412           1.260859538            1.61205495
 61250          0.3694521883           1.242601021            1.61205321
 61500          0.2450098596           1.367036787           1.612046646
 61750          0.3817156778           1.230337947           1.612053625
 62000          0.2278447343           1.384201237           1.612045971
 62250          0.4149927182           1.197061238           1.612053956
 62500          0.3709636358           1.241090332           1.612053967
 62750          0.3933645801           1.218688114           1.612052695
 63000           0.311087291           1.300961184           1.612048475
 63250          0.3631150407           1.248933635           1.612048676
 63500          0.3651074347           1.246949344           1.612056779
 63750          0.4114594213           1.200591369            1.61205079
 64000           0.403923608           1.208128033           1.612051641
 64250          0.4531640384           1.158888419           1.612052457
 64500          0.3018884498           1.310162449           1.612050899
 64750          0.3820512134           1.229998369           1.612049582
 65000          0.3390757802           1.272973712           1.612049492
 65250          0.3447917624           1.267259388           1.612051151
 65500          0.3619987446           1.250055334           1.612054079
 65750          0.3073833886           1.304661912           1.612045301
 66000          0.3032960396           1.308749741           1.612045781
 66250          0.3833751629           1.228675329           1.612050492
 66500          0.3821620835            1.22988982           1.612051903
 66750          0.3404131647           1.271635682           1.612048847
 67000          0.3953215714            1.21673171           1.612053281
 67250           0.336155167           1.275895822           1.612050989
 67500          0.3712291518           1.240819715           1.612048867
 67750          0.4406386071           1.171412787           1.612051394
 68000          0.4270233021           1.185032481           1.612055783
 68250          0.4032937954           1.208761067           1.612054863
 68500          0.3027217595           1.309330696           1.612052455
 68750          0.3905111681            1.22154328           1.612054449
 69000          0.3448286123           1.267221402           1.612050015
 69250          0.4697469166           1.142307731           1.612054647
 69500          0.3615928377           1.250457118           1.612049956
 69750          0.3956711883            1.21638104           1.612052229
 70000          0.2933737737           1.318670028           1.612043802
 70250          0.4074857834            1.20456093           1.612046713
 70500          0.2852003197           1.326844048           1.612044368
 70750          0.3770882085            1.23496339           1.612051599
 71000          0.3080929649           1.303958904           1.612051869
 71250          0.3680582362           1.243994744            1.61205298
 71500          0.4783096414           1.133746635           1.612056276
 71750          0.3576265035           1.254428565           1.612055068
 72000          0.2878968175           1.324151438           1.612048255
 72250          0.2925093818           1.319537804           1.612047186
 72500          0.3874681269           1.224585392           1.612053519
 72750           0.362196895           1.249853889           1.612050785
 73000          0.3532977011            1.25875276           1.612050461
 73250          0.2506096085           1.361437168           1.612046777
 73500          0.4340351876           1.178017008           1.612052196
 73750          0.3667762776           1.245271823           1.612048101
 74000          0.4152521328           1.196801487           1.612053619
 74250          0.3250826167           1.286967882           1.612050498
 74500          0.4052549726           1.206800359           1.612055331
 74750          0.3457424896           1.266309094           1.612051583
 75000          0.3870102457           1.225039599           1.612049845
 75250          0.2939809669           1.318071994           1.612052961
 75500          0.3196350021           1.292416892           1.612051894
 75750          0.4256256498           1.186430936           1.612056586
 76000          0.3014425455           1.310608181           1.612050726
 76250          0.2969611362           1.315086378           1.612047514
 76500          0.2766158451           1.335434701           1.612050546
 76750          0.3644482805           1.247600218           1.612048498
 77000          0.3195100525           1.292540135           1.612050188
 77250             0.2785245           1.333523222           1.612047722
 77500          0.3485729169           1.263478868           1.612051785
 77750          0.2943557504           1.317690489            1.61204624
 78000          0.2764059705           1.335637845           1.612043815
 78250          0.3382915761           1.273760274            1.61205185
 78500          0.3707773441           1.241279274           1.612056618
 78750          0.4272402741           1.184815107           1.612055381
 79000          0.2783311012           1.333722766           1.612053868
 79250          0.4208670232           1.191188431           1.612055454
 79500          0.2942852817           1.317767858            1.61205314
 79750          0.3746100381           1.237442598           1.612052636
 80000          0.2838085307             1.3282407           1.612049231
 80250          0.3126353066           1.299417423            1.61205273
 80500          0.3514800808           1.260574802           1.612054883
 80750          0.3276602231            1.28439091           1.612051133
 81000          0.2884656051           1.323583319           1.612048924
 81250          0.4245063265           1.187547644           1.612053971
 81500          0.3376296553           1.274424207           1.612053862
 81750          0.4072750313           1.204780841           1.612055873
 82000          0.4199942573           1.192063831           1.612058089
 82250          0.3512320929           1.260815122           1.612047215
 82500          0.3145241523           1.297525607           1.612049759
 82750          0.3847862114           1.227264702           1.612050913
 83000          0.2884485963           1.323599296           1.612047893
 83250           0.302705254           1.309345055           1.612050309
 83500          0.3955298039           1.216521566            1.61205137
 83750          0.3709583375           1.241091941           1.612050278
 84000          0.2991750078           1.312878376           1.612053384
 84250          0.4006831534           1.211369742           1.612052895
 84500          0.4043748754           1.207676451           1.612051327
 84750          0.3031583744           1.308891346            1.61204972
 85000          0.3280811623           1.283970899           1.612052061
 85250          0.4309434389           1.181116827           1.612060266
 85500          0.2748341304            1.33721658            1.61205071
 85750          0.3873492886           1.224700627           1.612049915
 86000          0.2911544414           1.320892311           1.612046752
 86250          0.3244593222           1.287594921           1.612054243
 86500           0.369742366           1.242314768           1.612057134
 86750          0.4116948848           1.200360654           1.612055539
 87000          0.3252189107            1.28683494           1.612053851
 87250           0.413618197           1.198434349           1.612052546
 87500          0.2808082321           1.331243484           1.612051717
 87750            0.33533157           1.276718942           1.612050512
 88000           0.400724583           1.211329259           1.612053842
 88250          0.3002282865           1.311819395           1.612047682
 88500          0.3357769355           1.276274142           1.612051077
 88750          0.4140601823           1.197994682           1.612054865
 89000          0.2778202137           1.334231126            1.61205134
 89250          0.3877668127           1.224285326           1.612052139
 89500          0.3977410334           1.214311636           1.612052669
 89750          0.3321686462           1.279876916           1.612045562
 90000          0.4141352879           1.197917328           1.612052616
 90250          0.3827548035           1.229299322           1.612054125
 90500          0.3266444704           1.285407066           1.612051536
 90750          0.4163239072           1.195726051           1.612049958
 91000          0.2088169585           1.403226821            1.61204378
 91250          0.2753040485           1.336742102            1.61204615
 91500          0.3114825056           1.300566745            1.61204925
 91750          0.4300879815           1.181969983           1.612057965
 92000          0.3452923623           1.266755996           1.612048358
 92250          0.4316415908           1.180413995           1.612055586
 92500          0.3419468889           1.270107038           1.612053927
 92750          0.4232781325           1.188773961           1.612052093
 93000          0.3110286748           1.301020797           1.612049472
 93250          0.4583386276           1.153718653            1.61205728
 93500          0.4187093012           1.193346573           1.612055874
 93750          0.3307793874            1.28126789           1.612047277
 94000          0.3393216292           1.272728553           1.612050182
 94250          0.3538471144           1.258203283           1.612050398
 94500          0.3052502981           1.306794565           1.612044863
 94750          0.3664993645           1.245548903           1.612048267
 95000          0.3396631374             1.2723882           1.612051337
 95250            0.36223591           1.249817474           1.612053384
 95500          0.3505545612           1.261499363           1.612053924
 95750           0.350457604           1.261596015           1.612053619
 96000           0.362901575           1.249151832           1.612053407
 96250          0.3013982059           1.310655633           1.612053839
 96500           0.450103704           1.161952034           1.612055738
 96750          0.3264941394           1.285558212           1.612052351
 97000          0.4179748932           1.194078405           1.612053299
 97250          0.2834174017           1.328631593           1.612048995
 97500          0.3523460559           1.259705075           1.612051131
 97750          0.3527746242            1.25927674           1.612051364
 98000           0.320369384           1.291681006            1.61205039
 98250          0.2982500993           1.313799068           1.612049167
 98500          0.2451607508           1.366885165           1.612045916
 98750          0.3245903615           1.287462826           1.612053187
 99000          0.4480615472           1.163993283            1.61205483
 99250          0.2798179402           1.332232185           1.612050126
 99500          0.3750147892           1.237036209           1.612050998
 99750          0.2635932985            1.34845355           1.612046849
100000          0.3083807444           1.303667126            1.61204787
100250          0.3460976888           1.265954229           1.612051918
100500          0.3302902956            1.28176012           1.612050416
100750           0.321319282           1.290733591           1.612052873
101000          0.4376642921           1.174390854           1.612055146
101250           0.348013859           1.264035076           1.612048935
101500          0.2802710682           1.331780579           1.612051647
101750          0.3916867463           1.220362308           1.612049054
102000          0.3589670641           1.253087492           1.612054556
102250          0.2618975856           1.350148829           1.612046414
102500          0.4052069608           1.206843127           1.612050088
102750           0.314796406           1.297258762           1.612055168
103000          0.3665555509            1.24549611           1.612051661
103250          0.4302835796           1.181773844           1.612057424
103500          0.3014784743           1.310574944           1.612053418
103750          0.4605918286           1.151466662           1.612058491
104000          0.3198610288           1.292193013           1.612054042
104250          0.3102305998           1.301822312           1.612052912
104500           0.362856075           1.249199303           1.612055378
104750           0.276567574           1.335482665           1.612050239
105000           0.315065401           1.296986936           1.612052337
105250          0.3807590985           1.231291945           1.612051044
105500          0.2936190743           1.318430778           1.612049852
105750          0.4110131704           1.201041158           1.612054329
106000           0.339043152           1.273008926           1.612052078
106250          0.3224294648           1.289625687           1.612055152
106500          0.3214152243           1.290632727           1.612047952
106750          0.3544383944           1.257621475            1.61205987
107000          0.3957267859           1.216328406           1.612055192
107250          0.3398436187           1.272210697           1.612054316
107500          0.4730811249           1.138977403           1.612058528
107750          0.2629263901           1.349123453           1.612049843
108000          0.2975872821           1.314464036           1.612051318
108250          0.3618878874           1.250160183            1.61204807
108500          0.3438455558           1.268204035            1.61204959
108750          0.2855423207           1.326504304           1.612046624
109000          0.4182885984            1.19377346           1.612062059
109250          0.3628945543           1.249158927           1.612053482
109500          0.3888670241            1.22318776           1.612054784
109750          0.3208850984           1.291166853           1.612051952
110000          0.3162375128           1.295814832           1.612052345
110250            0.31212417           1.299929355           1.612053525
110500          0.3998171929           1.212231853           1.612049046
110750          0.3285548792           1.283497336           1.612052216
111000          0.3651644025           1.246887336           1.612051738
111250          0.3310641403           1.280984303           1.612048443
111500          0.3632455941           1.248810449           1.612056043
111750          0.3676189178           1.244431261           1.612050179
112000           0.196415661           1.415628732           1.612044393
112250          0.3509828157           1.261069198           1.612052013
112500          0.3549696914           1.257080196           1.612049887
112750          0.3457964448            1.26625477           1.612051214
113000          0.3171070017           1.294950185           1.612057186
113250           0.333020331           1.279029781           1.612050112
113500          0.3321613285           1.279888022           1.612049351
113750          0.3795682739           1.232484361           1.612052635
114000          0.3527255698           1.259322235           1.612047805
114250          0.2336885622           1.378360861           1.612049424
114500          0.4412010909           1.170854495           1.612055586
114750          0.2973852287           1.314660586           1.612045815
115000          0.4087697278           1.203288741           1.612058468
115250          0.3681432314           1.243910155           1.612053387
115500          0.3295615705            1.28249274           1.612054311
115750          0.3748441174           1.237207171           1.612051288
116000          0.3707316471           1.241321199           1.612052846
116250           0.326859232           1.285187868             1.6120471
116500          0.3339376505            1.27811775           1.612055401
116750          0.3480009824           1.264053198            1.61205418
117000          0.3853500293           1.226705793           1.612055822
117250          0.3106491326           1.301401502           1.612050634
117500          0.3764449834           1.235604449           1.612049432
117750           0.337725586           1.274325617           1.612051203
118000          0.2273155057           1.384730665           1.612046171
118250          0.3280834624           1.283968904           1.612052367
118500          0.3096705949           1.302377815            1.61204841
118750          0.3409808186           1.271069427           1.612050246
119000          0.3490970444            1.26294814           1.612045184
119250           0.366413614           1.245639537           1.612053151
119500          0.3406007672           1.271453972           1.612054739
119750          0.4091213361           1.202933856           1.612055192
120000           0.267484659           1.344563232           1.612047891
120250             0.4463742           1.165681222           1.612055422
120500          0.4063305291           1.205724136           1.612054665
120750          0.3026509522           1.309399667           1.612050619
121000          0.3573155303           1.254738382           1.612053912
121250           0.337086575           1.274964657           1.612051232
121500          0.3041179829           1.307931597            1.61204958
121750          0.4332902551           1.178766088           1.612056343
122000          0.3004972801           1.311553929           1.612051209
122250          0.3503161729           1.261736655           1.612052828
122500          0.3239949397           1.288053985           1.612048924
122750          0.3392539921           1.272797262           1.612051255
123000          0.4256954008           1.186359394           1.612054795
123250          0.2980346416           1.314016794           1.612051436
123500          0.3951075917           1.216944006           1.612051597
123750          0.3195215055           1.292525527           1.612047033
124000          0.3656399105           1.246410956           1.612050867
124250          0.3787437691           1.233307648           1.612051417
124500          0.3406765846           1.271377746            1.61205433
124750          0.4014904557           1.210563182           1.612053637
125000          0.4469248153           1.165132961           1.612057777
125250          0.2612057682           1.350837674           1.612043442
125500          0.4205256453           1.191530114           1.612055759
125750          0.3293853813           1.282664456           1.612049838
126000          0.3644253228           1.247627931           1.612053254
126250          0.3921349532           1.219915844           1.612050797
126500          0.3270152706           1.285039555           1.612054825
126750          0.2808825969           1.331163261           1.612045858
127000          0.3929295808           1.219121184           1.612050764
127250          0.3152737949           1.296772759           1.612046554
127500          0.3475605729           1.264492765           1.612053338
127750          0.3597045011           1.252350046           1.612054547
128000          0.3664419356           1.245615892           1.612057827
128250          0.3966625446           1.215391953           1.612054498
128500          0.3041760093           1.307875737           1.612051746
128750          0.4208736216           1.191179541           1.612053162
129000          0.3385796022           1.273476025           1.612055628
129250          0.2898284106           1.322217872           1.612046283
129500          0.3851407358           1.226912065           1.612052801
129750          0.2977797804           1.314268245           1.612048026
130000           0.398726515           1.213325469           1.612051984
130250          0.3092779209            1.30277059           1.612048511
130500          0.2879462836           1.324098094           1.612044378
130750          0.3997157849           1.212335644           1.612051429
131000          0.2670780472           1.344966753             1.6120448
131250          0.2829945263           1.329046061           1.612040587
131500          0.3597014929            1.25234982           1.612051313
131750          0.3505438895           1.261506246           1.612050136
132000          0.2309112984           1.381136212            1.61204751
132250          0.4114921157           1.200558765           1.612050881
132500          0.3070188964           1.305029682           1.612048578
132750          0.3200089813           1.292039927           1.612048909
133000          0.3297327583           1.282315979           1.612048737
133250          0.2926846025           1.319366685           1.612051288
133500          0.4961874766            1.11587207           1.612059547
133750          0.2785081264           1.333542301           1.612050427
134000          0.3275215207           1.284529203           1.612050724
134250          0.3144216672           1.297628515           1.612050182
134500          0.4142199603           1.197838453           1.612058413
134750          0.3147663762           1.297284243           1.612050619
135000          0.3882924454           1.223758273           1.612050719
135250          0.3192593357           1.292791155            1.61205049
135500          0.3187427121           1.293304016           1.612046728
135750          0.3611276747           1.250921066            1.61204874
136000          0.2349212759           1.377125007           1.612046283
136250          0.4122008763           1.199853125           1.612054002
136500          0.3226821005           1.289371075           1.612053175
136750          0.3468191084            1.26523201           1.612051119
137000          0.2830138462           1.329033682           1.612047528
137250          0.4111307501           1.200923934           1.612054684
137500          0.3824303695           1.229627478           1.612057848
137750          0.3662330121           1.245821242           1.612054254
138000          0.3640237236           1.248030776             1.6120545
138250          0.3373000172           1.274747168           1.612047185
138500          0.3314358153           1.280615682           1.612051497
138750          0.3584480078           1.253601638           1.612049645
139000          0.3033141291           1.308736221            1.61205035
139250          0.3854313484           1.226614682            1.61204603
139500          0.2826429967           1.329405265           1.612048262
139750          0.3021700509           1.309874941           1.612044992
140000          0.3738464052           1.238204634            1.61205104
140250          0.2989398307           1.313103915           1.612043745
140500          0.3218412518           1.290208657           1.612049909
140750          0.3240702106           1.287983453           1.612053664
141000          0.3997177006           1.212337427           1.612055127
141250          0.3598364247            1.25221732           1.612053744
141500          0.2888948342           1.323151787           1.612046621
141750          0.3012495772           1.310802523             1.6120521
142000          0.3188665675           1.293184796           1.612051364
142250          0.3625073141           1.249541521           1.612048835
142500          0.3079312959           1.304120678           1.612051973
142750          0.3253468063           1.286700534            1.61204734
143000          0.2929270495           1.319121249           1.612048298
143250           0.364019698           1.248027714           1.612047412
143500          0.3333300262            1.27872513           1.612055156
143750          0.3898664578           1.222186205           1.612052663
144000          0.2121554421           1.399887587            1.61204303
144250          0.3215357628            1.29051278           1.612048543
144500          0.3018314731           1.310219507            1.61205098
144750          0.3874442215           1.224614079             1.6120583
145000          0.3002815544           1.311770598           1.612052152
145250          0.3851895332           1.226870046           1.612059579
145500          0.4167557091           1.195301885           1.612057594
145750          0.2522045965           1.359839512           1.612044109
146000          0.3478900421           1.264162046           1.612052088
146250          0.2603843294           1.351665668           1.612049997
146500          0.4904152711           1.121643053           1.612058324
146750          0.3264077725           1.285647203           1.612054976
147000          0.3739088847           1.238139803           1.612048687
147250          0.3198817043           1.292166742           1.612048446
147500          0.3815605857           1.230491812           1.612052398
147750          0.3457757149           1.266270256           1.612045971
148000          0.2545066967           1.357537798           1.612044495
148250          0.3260929387           1.285958827           1.612051765
148500          0.4124803683           1.199571827           1.612052195
148750          0.2810802744           1.330969117           1.612049391
149000          0.3624475109           1.249604485           1.612051996
149250          0.4378509018           1.174199865           1.612050766
149500          0.2378757654           1.374167172           1.612042938
149750            0.44880496           1.163252154           1.612057114
150000          0.4666664155           1.145395353           1.612061768
150250          0.3854672001           1.226586825           1.612054025
150500          0.3985513948           1.213498672           1.612050067
150750          0.2487622863           1.363283092           1.612045378
151000          0.2990632887           1.312977034           1.612040323
151250          0.2719061472           1.340136789           1.612042936
151500          0.3638713726           1.248181414           1.612052786
151750          0.3543942629           1.257656635           1.612050898
152000          0.3558370237           1.256217108           1.612054132
152250          0.4459218305           1.166138348           1.612060178
152500          0.3775246497           1.234528974           1.612053624
152750          0.3704712204           1.241581211           1.612052432
153000          0.2301183621           1.381924754           1.612043116
153250          0.3509586941            1.26108489           1.612043584
153500          0.3540808785           1.257965932            1.61204681
153750          0.3631729824           1.248872813           1.612045796
154000          0.3036041822           1.308444541           1.612048723
154250          0.3740042728           1.238046123           1.612050396
154500          0.2945857655           1.317459149           1.612044914
154750          0.3832174905           1.228835078           1.612052569
155000          0.3405711936           1.271481413           1.612052606
155250          0.3800545996           1.231999567           1.612054166
155500          0.3202100869            1.29183773           1.612047816
155750          0.2767309217            1.33531651           1.612047432
156000          0.4035726937            1.20848135           1.612054044
156250          0.3785452749            1.23351028           1.612055555
156500          0.4776095171           1.134448049           1.612057567
156750          0.3077930325           1.304258276           1.612051308
157000          0.3357232159           1.276321812           1.612045028
157250          0.3413346523           1.270714034           1.612048686
157500          0.2598156867           1.352228779           1.612044466
157750          0.4245978532           1.187452548           1.612050401
158000          0.2991332904           1.312917257           1.612050547
158250          0.3750575576           1.236994188           1.612051746
158500          0.4268063578           1.185250918           1.612057276
158750          0.3255924965           1.286457717           1.612050213
159000          0.3785328299            1.23351678            1.61204961
159250          0.2910166363           1.321027454            1.61204409
159500          0.3340753525           1.277968797            1.61204415
159750          0.2874187085            1.32462879           1.612047499
160000          0.3695948312           1.242457401           1.612052232
160250          0.3524395701           1.259615452           1.612055022
160500          0.3335631716           1.278487386           1.612050558
160750          0.4113480836           1.200703995           1.612052079
161000          0.3297415157           1.282310358           1.612051874
161250          0.4791587872           1.132901528           1.612060315
161500          0.3422650142           1.269792579           1.612057594
161750          0.3936307413           1.218424301           1.612055043
162000          0.4288390638           1.183220093           1.612059157
162250          0.2401016541           1.371939453           1.612041107
162500          0.3948522515           1.217193173           1.612045424
162750          0.3701195571           1.241935125           1.612054682
163000           0.334672349           1.277377208           1.612049557
163250          0.4475554317           1.164502467           1.612057898
163500           0.364360886            1.24769262           1.612053506
163750          0.3299019141           1.282145665            1.61204758
164000          0.2899200841           1.322124732           1.612044816
164250          0.4075872332           1.204465939           1.612053172
164500          0.2868508144           1.325195413           1.612046228
164750          0.3545118515           1.257542036           1.612053888
165000          0.4112919269           1.200761015           1.612052942
165250          0.3823541921           1.229694605           1.612048797
165500          0.2796587958           1.332389588           1.612048384
165750          0.4142155618           1.197836949           1.612052511
166000          0.3872619378           1.224791823            1.61205376
166250          0.4027330405           1.209324475           1.612057515
166500          0.3521176784           1.259938647           1.612056325
166750          0.4414334646           1.170622517           1.612055982
167000           0.328321928           1.283727291           1.612049219
167250          0.3329052221           1.279138773           1.612043995
167500          0.3089525759           1.303088438           1.612041014
167750          0.3742634886           1.237781535           1.612045023
168000          0.2988299398           1.313219294           1.612049234
168250          0.4104498311           1.201603544           1.612053375
168500           0.480321927           1.131741565           1.612063492
168750          0.3158122698           1.296237876           1.612050146
169000           0.360742747           1.251310213            1.61205296
169250          0.4394615531            1.17259214           1.612053693
169500          0.4246454027           1.187406199           1.612051602
169750          0.3732810669           1.238771505           1.612052572
170000          0.3734247134           1.238626371           1.612051085
170250          0.3140385923           1.298010611           1.612049203
170500          0.3494352184            1.26261201           1.612047228
170750          0.3935068241            1.21854782           1.612054644
171000          0.4021023071           1.209948734           1.612051041
171250          0.3283691719           1.283683147           1.612052319
171500          0.3388875255           1.273159744            1.61204727
171750          0.3314731427           1.280573212           1.612046355
172000          0.4372238504           1.174827524           1.612051374
172250          0.3339694757           1.278080286           1.612049762
172500          0.2939813207           1.318067819            1.61204914
172750          0.3925230914           1.219531074           1.612054166
173000           0.373946815           1.238101375           1.612048189
173250          0.3884106072           1.223640018           1.612050625
173500          0.3261078652           1.285942439           1.612050304
173750          0.4383675566           1.173683028           1.612050585
174000           0.347833375            1.26421585           1.612049225
174250          0.3853221752           1.226731172           1.612053347
174500          0.4161981317            1.19585246           1.612050591
174750          0.2857141536           1.326331778           1.612045932
175000           0.377524199           1.234528768           1.612052967
175250          0.3357919412           1.276252629            1.61204457
175500          0.3527445202           1.259305601           1.612050122
175750          0.3353450563            1.27670534           1.612050396
176000          0.3762409949            1.23581181           1.612052805
176250          0.3865008583           1.225551098           1.612051956
176500          0.3117455893           1.300298567           1.612044156
176750          0.3615381798           1.250514953           1.612053133
177000          0.4601982034           1.151856055           1.612054259
177250          0.2945900774           1.317460031           1.612050109
177500          0.4375394952            1.17451849           1.612057986
177750          0.3448399628           1.267207388           1.612047351
178000           0.345837615           1.266213749           1.612051364
178250          0.3238259721           1.288220659           1.612046631
178500          0.4061270044           1.205928266           1.612055271
178750          0.3489581091           1.263089722           1.612047831
179000          0.3152986269           1.296750251           1.612048878
179250          0.4389480096           1.173107796           1.612055805
179500          0.3922467056           1.219803856           1.612050562
179750             0.2889093           1.323138667           1.612047967
180000          0.3601844094           1.251865171            1.61204958
180250          0.2467164879           1.365322489           1.612038976
180500          0.3830261939           1.229020892           1.612047086
180750          0.3308689584           1.281174024           1.612042982
181000          0.3471463892           1.264907317           1.612053706
181250          0.4040612589           1.207994248           1.612055507
181500          0.3482875287           1.263763457           1.612050985
181750          0.4448206666           1.167234939           1.612055605
182000          0.3976550427           1.214398742           1.612053785
182250          0.4725743606            1.13948439            1.61205875
182500          0.2899776291           1.322070764           1.612048393
182750          0.3510524623           1.260994916           1.612047378
183000           0.279813415           1.332229947           1.612043362
183250          0.2831933324           1.328845441           1.612038773
183500            0.44148821            1.17056774            1.61205595
183750          0.3489244462           1.263127179           1.612051625
184000           0.332434721           1.279618193           1.612052914
184250          0.3486886877           1.263364314           1.612053002
184500          0.3150443335           1.297001327            1.61204566
184750          0.3725309568           1.239518993            1.61204995
185000          0.3495630712           1.262484972           1.612048043
185250          0.3141484279            1.29789825           1.612046678
185500          0.3782354487           1.233817482           1.612052931
185750          0.3587456553           1.253305885            1.61205154
186000          0.4383266005           1.173731796           1.612058397
186250          0.2975137517           1.314535449             1.6120492
186500          0.4021571395           1.209896582           1.612053721
186750           0.373208211           1.238842391           1.612050602
187000          0.3585023205           1.253542573           1.612044893
187250          0.2898833878           1.322163255           1.612046642
187500          0.3711021628           1.240946897            1.61204906
187750          0.3488435854           1.263208569           1.612052154
188000          0.3283751394           1.283677546           1.612052686
188250          0.3783776326           1.233669836           1.612047468
188500          0.3764222669           1.235630032           1.612052299
188750           0.339123919           1.272921982           1.612045901
189000          0.5148620768           1.097197787           1.612059864
189250          0.2697439635           1.342307938           1.612051901
189500          0.3750045533           1.237049871           1.612054424
189750          0.3515272213           1.260520677           1.612047898
190000          0.2955698269           1.316477631           1.612047458
190250          0.3739503714           1.238101504           1.612051875
190500          0.3466640227           1.265390085           1.612054107
190750          0.3751748297           1.236878702           1.612053532
191000          0.3409393128           1.271110841           1.612050154
191250          0.3256732105           1.286377012           1.612050222
191500          0.3040934877           1.307952752            1.61204624
191750          0.3942806939           1.217772722           1.612053416
192000          0.2539355646           1.358110993           1.612046557
192250          0.4301311764           1.181926922           1.612058098
192500          0.3013884721           1.310660874           1.612049346
192750          0.3195101498           1.292532169           1.612042318
193000          0.2304314045           1.381610365            1.61204177
193250          0.3070923827           1.304949278           1.612041661
193500          0.3071062686           1.304940615           1.612046884
193750          0.3382892209           1.273760471           1.612049692
194000          0.3776312549           1.234420314           1.612051569
194250          0.2360182288           1.376026021            1.61204425
194500           0.490007208           1.122049684           1.612056892
194750          0.2636711036           1.348377247           1.612048351
195000          0.4084541851           1.203602792           1.612056977
195250          0.3996355643           1.212425396            1.61206096
195500          0.3260462333           1.286004374           1.612050608
195750          0.3820636559           1.229992215           1.612055871
196000          0.2835592399           1.328491031           1.612050271
196250          0.3487952307           1.263252062           1.612047293
196500          0.2165032973           1.395541908           1.612045205
196750          0.3579455077           1.254101351           1.612046859
197000          0.2351569074           1.376885919           1.612042826
197250          0.3391727211           1.272873505           1.612046226
197500          0.3486640225           1.263387734           1.612051757
197750          0.3556456448           1.256411327           1.612056972
198000          0.4228915225           1.189162356           1.612053878
198250          0.3420558639            1.27000239           1.612058254
198500           0.384032966            1.22801739           1.612050356
198750          0.2698008126           1.342246393           1.612047205
199000          0.4009562773           1.211094991           1.612051269
199250           0.260217896           1.351828074            1.61204597
199500           0.343115486           1.268933131           1.612048617
199750          0.3252814298           1.286774596           1.612056026
