     0       0.0009074761091           6.447180492           6.448087968
   250           1.515845336           4.932328458           6.448173794
   500           3.495132853           2.953078658           6.448211511
   750           1.959844133           4.488379732           6.448223865
  1000           1.915434043           4.532799152           6.448233194
  1250           2.190053809           4.258145503           6.448199312
  1500             1.7939966           4.654203085           6.448199685
  1750           1.431433365           5.016767746           6.448201111
  2000           1.660813208           4.787350388           6.448163596
  2250           1.157455561           5.290730305           6.448185866
  2500            1.30850889           5.139673319           6.448182209
  2750           1.246289254           5.201910748           6.448200003
  3000           1.623335137           4.824860888           6.448196025
  3250           1.241379315           5.206823871           6.448203187
  3500           1.716170413           4.732033875           6.448204289
  3750           1.300552309           5.147645155           6.448197464
  4000           1.732457935           4.715754272           6.448212207
  4250           1.306876941           5.141325792           6.448202733
  4500           1.534977065           4.913228161           6.448205226
  4750           1.511204463            4.93700726           6.448211724
  5000           1.479218562           4.968984034           6.448202597
  5250           1.380097414           5.068084891           6.448182305
  5500           1.313925389           5.134267959           6.448193348
  5750           1.934212649           4.514007797           6.448220446
  6000           1.258091681           5.190107849            6.44819953
  6250           1.625900829           4.822322866           6.448223695
  6500           1.703142527           4.745081094            6.44822362
  6750           1.284201221           5.163999515           6.448200736
  7000           1.582368985           4.865824183           6.448193168
  7250           1.365901405           5.082307938           6.448209343
  7500           1.472681264            4.97550326           6.448184524
  7750           1.468235111           4.979957017           6.448192129
  8000           1.205100652           5.243093848             6.4481945
  8250           1.617308016           4.830882214           6.448190231
  8500           1.378951936           5.069225002           6.448176938
  8750           1.278127792           5.170055421           6.448183213
  9000           1.476619094           4.971579055           6.448198149
  9250           1.453854154           4.994324738           6.448178892
  9500           1.559993616           4.888181763           6.448175379
  9750           1.251923234           5.196251074           6.448174308
 10000           1.480603412           4.967598136           6.448201547
 10250           1.944627554           4.503587927           6.448215481
 10500           1.480203162           4.967978946           6.448182108
 10750           1.388294354           5.059899923           6.448194277
 11000           1.475368116            4.97280828           6.448176396
 11250           1.548666136           4.899521968           6.448188104
 11500           1.315891197           5.132282341           6.448173538
 11750           1.549999279           4.898177332           6.448176611
 12000           1.470530358           4.977655553           6.448185911
 12250           1.172726304           5.275448961           6.448175265
 12500           1.443140677           5.005037321           6.448177999
 12750           1.394332662           5.053823199            6.44815586
 13000           1.477513685           4.970665406           6.448179091
 13250          0.9412332278           5.506927877           6.448161105
 13500           1.537123997           4.911060018           6.448184015
 13750           1.755860419           4.692332732           6.448193151
 14000          0.9144469717           5.533716135           6.448163107
 14250            1.44440151           5.003783178           6.448184688
 14500           1.596540907            4.85164273           6.448183637
 14750           1.216342663           5.231832122           6.448174785
 15000           1.544921368           4.903274199           6.448195568
 15250           1.630045883           4.818146003           6.448191885
 15500           1.597437152           4.850783287           6.448220439
 15750           1.404742997           5.043447865           6.448190862
 16000           1.787215748           4.660997286           6.448213034
 16250           1.489137005           4.959060573           6.448197577
 16500           1.589101004           4.859087741           6.448188744
 16750           1.535715278           4.912475071           6.448190349
 17000           1.121187362           5.326998188            6.44818555
 17250            1.44633612           5.001846594           6.448182714
 17500           1.465152144           4.983059132           6.448211275
 17750           1.373847892           5.074362651           6.448210543
 18000           1.424442367           5.023747889           6.448190256
 18250           1.772005195           4.676198186           6.448203381
 18500           1.360785905           5.087396809           6.448182713
 18750          0.9994365776           5.448733169           6.448169747
 19000           1.506472272           4.941739954           6.448212226
 19250           1.489385954           4.958798594           6.448184548
 19500            1.39204237           5.056145207           6.448187577
 19750           1.341598077           5.106595104            6.44819318
 20000           1.069967127           5.378203949           6.448171076
 20250           1.239353001           5.208821964           6.448174965
 20500           1.907572408           4.540660058           6.448232466
 20750           1.858820517           4.589401299           6.448221815
 21000           1.889019613           4.559193885           6.448213498
 21250           1.579503834           4.868684143           6.448187976
 21500           1.239546639           5.208638383           6.448185022
 21750           1.701188838           4.747024938           6.448213776
 22000           2.004805755           4.443437923           6.448243677
 22250           1.116665093           5.331513397            6.44817849
 22500           1.155695452           5.292482423           6.448177875
 22750           1.785390252           4.662824969           6.448215221
 23000           1.606203789           4.841995319           6.448199108
 23250           1.748514758           4.699698909           6.448213666
 23500           1.442283409           5.005913891           6.448197301
 23750           1.405841853           5.042334855           6.448176708
 24000           1.054786747           5.393378358           6.448165105
 24250           1.320204956           5.127991628           6.448196585
 24500           1.388176966           5.060023291           6.448200256
 24750           1.184177648           5.263987849           6.448165497
 25000           1.722650003           4.725558653           6.448208656
 25250           1.227544937           5.220628184           6.448173121
 25500           1.628316083           4.819892034           6.448208118
 25750           1.806482644           4.641749551           6.448232195
 26000           1.549532269           4.898677521            6.44820979
 26250           1.794129383           4.654083787            6.44821317
 26500           1.751865914           4.696344011           6.448209925
 26750           1.992041909           4.456196857           6.448238766
 27000           1.519606285           4.928588511           6.448194796
 27250            1.39779718           5.050393939           6.448191119
 27500           1.403836206           5.044349675           6.448185881
 27750           1.334571247           5.113609242           6.448180489
 28000            1.30770167           5.140496266           6.448197936
 28250           1.357090587           5.091114309           6.448204896
 28500           1.759995905           4.688229415           6.448225319
 28750           1.342692955            5.10549059           6.448183545
 29000           1.686607409           4.761608074           6.448215484
 29250           1.463470781           4.984721807           6.448192587
 29500           1.413299714           5.034920452           6.448220166
 29750           1.450069903           4.998141905           6.448211807
 30000           1.325915035           5.122269631           6.448184666
 30250           1.441451075           5.006757467           6.448208542
 30500            1.37189893           5.076296394           6.448195324
 30750           1.756677427           4.691547877           6.448225304
 31000           1.291377796           5.156809985           6.448187781
 31250           1.550096602           4.898106834           6.448203436
 31500           1.560234896            4.88797731           6.448212206
 31750           1.539637826           4.908572454            6.44821028
 32000           1.237664346            5.21051276           6.448177106
 32250           1.281114667           5.167071729           6.448186396
 32500           1.422941571           5.025261053           6.448202625
 32750           1.147106658           5.301071792            6.44817845
 33000            1.29761919           5.150567364           6.448186554
 33250            1.59846101           4.849747646           6.448208656
 33500            1.42051382            5.02768338             6.4481972
 33750            1.35084639           5.097344316           6.448190706
 34000           1.704889575           4.743334783           6.448224359
 34250           1.502189156           4.946002449           6.448191605
 34500           1.627148446           4.821050861           6.448199307
 34750            1.60152685           4.846676225           6.448203075
 35000           1.314679936             5.1335084           6.448188337
 35250           1.339467189           5.108728559           6.448195748
 35500           1.168725052            5.27945689           6.448181942
 35750           1.431417286           5.016789549           6.448206835
 36000           1.598167873           4.850053217            6.44822109
 36250           1.518220287           4.930000348           6.448220634
 36500           1.437969059           5.010236112           6.448205171
 36750            1.94433869           4.503894243           6.448232933
 37000           1.501889034           4.946319747           6.448208781
 37250           1.320579182           5.127618383           6.448197564
 37500           1.668315013           4.779902514           6.448217527
 37750           1.637454392           4.810764128            6.44821852
 38000           1.320648966           5.127551397           6.448200363
 38250           1.556843655           4.891378833           6.448222488
 38500            1.20638186           5.241794686           6.448176546
 38750           1.547041842           4.901160734           6.448202576
 39000           1.202239738           5.245943098           6.448182836
 39250           1.501992105            4.94621202           6.448204125
 39500           1.627552847           4.820661413            6.44821426
 39750           1.431914757            5.01628744           6.448202197
 40000           1.381152834           5.067044851           6.448197684
 40250           1.568826475           4.879386838           6.448213313
 40500           1.541597937           4.906606994           6.448204931
 40750           1.011395194           5.436766979           6.448162173
 41000           1.230272295           5.217911299           6.448183595
 41250           1.322269613           5.125909613           6.448179226
 41500           1.402865362           5.045338363           6.448203725
 41750           1.206947735           5.241256133           6.448203868
 42000           1.420297092            5.02792297           6.448220063
 42250           1.315535126           5.132673212           6.448208338
 42500           1.315263532           5.132924845           6.448188377
 42750           1.207590342           5.240594264           6.448184606
 43000           1.163780764           5.284402855           6.448183619
 43250           1.465541465           4.982650107           6.448191572
 43500           1.307042826           5.141131016           6.448173843
 43750           1.754503235           4.693706532           6.448209767
 44000           1.301969573           5.146219981           6.448189554
 44250           1.326540597           5.121649008           6.448189605
 44500           1.281344599           5.166842509           6.448187108
 44750           1.552848287           4.895365179           6.448213467
 45000           1.229560453           5.218618741           6.448179193
 45250           1.723231775           4.724989603           6.448221378
 45500           1.405451246           5.042741081           6.448192327
 45750           1.479730079           4.968468646           6.448198725
 46000           1.381339004           5.066848513           6.448187517
 46250           1.266003653           5.182164774           6.448168426
 46500           1.846941031           4.601279868           6.448220899
 46750           1.438933853           5.009259391           6.448193244
 47000           1.272420215           5.175756735            6.44817695
 47250           1.408264528           5.039924598           6.448189126
 47500           1.126129238           5.322030918           6.448160156
 47750           1.252229375           5.195940323           6.448169698
 48000            1.02146938           5.426700663           6.448170043
 48250            1.16874576           5.279443062           6.448188821
 48500           1.318474697           5.129715407           6.448190104
 48750            1.50411493           4.944093623           6.448208554
 49000           1.513883998           4.934322789           6.448206787
 49250           1.454532563           4.993683265           6.448215828
 49500           1.546333091           4.901896039            6.44822913
 49750            1.29626653           5.151938044           6.448204574
 50000           1.336721035           5.111480923           6.448201958
 50250           1.734018296            4.71421427           6.448232566
 50500           1.299499362           5.148702085           6.448201447
 50750           1.426802666           5.021404335           6.448207001
 51000           1.683321664           4.764900588           6.448222252
 51250           1.381086302             5.0671128           6.448199101
 51500           1.623651627           4.824566588           6.448218214
 51750            1.15012995            5.29804414            6.44817409
 52000           1.403609689            5.04459828           6.448207969
 52250          0.9347625758            5.51340719           6.448169766
 52500           1.573251577           4.874961814           6.448213391
 52750           1.390321514           5.057871795           6.448193309
 53000           1.777394768           4.670836027           6.448230795
 53250           1.271688932           5.176509208            6.44819814
 53500           1.267373627           5.180829515           6.448203142
 53750            1.63267945           4.815545366           6.448224816
 54000           1.581682999           4.866535683           6.448218682
 54250           1.518672948            4.92953324           6.448206187
 54500           1.659365015           4.788841006           6.448206021
 54750           1.125508615           5.322666609           6.448175224
 55000           1.132043453           5.316144732           6.448188185
 55250           1.535279264           4.912931406            6.44821067
 55500           1.291867478           5.156329369           6.448196847
 55750           1.423103788           5.025111019           6.448214807
 56000           1.285731387           5.162476614              6.448208
 56250           1.552613069           4.895619502           6.448232571
 56500           1.309434912           5.138784295           6.448219207
 56750           1.227967482           5.220240205           6.448207687
 57000           1.203962837           5.244233532           6.448196369
 57250           1.277681283           5.170512241           6.448193524
 57500           1.232923895           5.215274584           6.448198479
 57750            1.07313552           5.375039381             6.4481749
 58000           1.508835008           4.939367187           6.448202194
 58250           1.093343613           5.354842671           6.448186283
 58500            1.20786933           5.240331833           6.448201163
 58750           1.173825235           5.274387636           6.448212871
 59000           1.572156383           4.876093037           6.448249421
 59250           1.689301586           4.758943377           6.448244963
 59500           1.622841095           4.825390257           6.448231352
 59750           1.663150568           4.785066001           6.448216569
 60000           1.333123869           5.115083061            6.44820693
 60250           1.510686012           4.937538612           6.448224624
 60500           1.310920629            5.13728079           6.448201419
 60750           1.420868381           5.027340142           6.448208523
 61000           1.267432777           5.180765976           6.448198754
 61250           1.350319716           5.097883451           6.448203166
 61500           1.584047741           4.864171137           6.448218878
 61750           1.790697329           4.657526464           6.448223793
 62000           1.467364833            4.98083905           6.448203883
 62250            1.39558306           5.052635854           6.448218914
 62500           1.002069077            5.44612039           6.448189467
 62750           1.125090175            5.32311113           6.448201304
 63000          0.8763693011           5.571796717           6.448166018
 63250           1.294001312           5.154191984           6.448193296
 63500           1.441952664             5.0062633           6.448215964
 63750           1.190236662           5.257957365           6.448194027
 64000           1.525687227           4.922535573             6.4482228
 64250           1.464141403           4.984064795           6.448206197
 64500           1.580207804           4.868013006           6.448220811
 64750           1.620551451           4.827679541           6.448230992
 65000           1.296290576           5.151908494            6.44819907
 65250           1.303680156           5.144527454            6.44820761
 65500           1.140056696           5.308143067           6.448199764
 65750           1.201225243           5.246977174           6.448202417
 66000           1.630157215           4.818067328           6.448224543
 66250           1.368805767           5.079396537           6.448202304
 66500           1.103588263           5.344612262           6.448200524
 66750            0.96148577             5.4867093            6.44819507
 67000            0.91863007           5.529554274           6.448184344
 67250             1.2305602           5.217637238           6.448197438
 67500           1.449976345           4.998220086           6.448196432
 67750           1.855097019           4.593140253           6.448237272
 68000           1.500885047           4.947319096           6.448204143
 68250            1.50698013           4.941233039           6.448213169
 68500           1.335973554           5.112232993           6.448206547
 68750           1.252479896           5.195725693           6.448205589
 69000           1.083087867           5.365099466           6.448187333
 69250           1.118460529           5.329726374           6.448186903
 69500           1.517399731           4.930814198            6.44821393
 69750           1.453041028           4.995175467           6.448216495
 70000           1.276139557            5.17207785           6.448217406
 70250          0.9960569072           5.452135089           6.448191997
 70500           1.026369926           5.421818657           6.448188583
 70750           1.238667318           5.209520615           6.448187933
 71000           1.522007071           4.926191664           6.448198735
 71250            1.54756058           4.900645688           6.448206268
 71500           1.563686635           4.884539923           6.448226558
 71750           1.523982064           4.924252384           6.448234448
 72000           1.296357643           5.151860293           6.448217936
 72250           1.621874068           4.826352628           6.448226696
 72500           0.986827707           5.461340315           6.448168022
 72750           1.435941243           5.012261526           6.448202769
 73000            1.32663618           5.121562726           6.448198907
 73250           1.244141264           5.204057633           6.448198897
 73500           1.240352273            5.20784513           6.448197403
 73750           1.349963652           5.098216701           6.448180354
 74000           1.406482158           5.041717627           6.448199785
 74250           1.241413409           5.206777847           6.448191256
 74500           1.712421868           4.735808889           6.448230758
 74750           1.429133046           5.019082419           6.448215466
 75000           1.378912633           5.069310488           6.448223121
 75250           1.494179361           4.954054459            6.44823382
 75500           1.315723044           5.132481291           6.448204334
 75750           1.427531952           5.020693038            6.44822499
 76000           1.568784748             4.8794479           6.448232647
 76250           1.490478717           4.957732081           6.448210798
 76500           1.346518913           5.101677364           6.448196277
 76750           1.231060485           5.217117119           6.448177604
 77000           1.239117834           5.209058831           6.448176665
 77250            1.48245113           4.965743592           6.448194722
 77500             1.3113534           5.136845233           6.448198633
 77750           1.088426219           5.359760782           6.448187001
 78000           1.684281673           4.763938245           6.448219918
 78250           1.332958859           5.115254401           6.448213261
 78500           1.333023696           5.115188641           6.448212336
 78750           1.630687556           4.817534119           6.448221675
 79000           1.180464828           5.267743054           6.448207882
 79250           1.440610687           5.007614034           6.448224721
 79500           1.638032834           4.810192054           6.448224887
 79750           1.496909574           4.951296444           6.448206018
 80000           1.443659771           5.004537438           6.448197209
 80250           1.148125343           5.300035288           6.448160631
 80500          0.9873348008           5.460819083           6.448153884
 80750           1.230839215           5.217328466           6.448167681
 81000           1.440718785           5.007468728           6.448187513
 81250           1.220595213           5.227583878           6.448179091
 81500           1.527258593           4.920958423           6.448217016
 81750           1.284545639            5.16366401           6.448209648
 82000           1.401423002           5.046790497           6.448213499
 82250           1.352975118           5.095222927           6.448198045
 82500           1.346521711           5.101679159            6.44820087
 82750           1.085593485           5.362583061           6.448176546
 83000           1.416433701           5.031764756           6.448198457
 83250           1.320599357           5.127583701           6.448183059
 83500           1.277731797           5.170470457           6.448202254
 83750           1.053937405           5.394252134           6.448189539
 84000           1.649539453           4.798685945           6.448225398
 84250            1.21276435            5.23543519            6.44819954
 84500           1.171008334           5.277189443           6.448197777
 84750           1.396634934           5.051579597           6.448214531
 85000           1.439875834           5.008341865           6.448217698
 85250           1.457068066            4.99114798           6.448216046
 85500           1.469814573            4.97840715           6.448221723
 85750           1.341987975           5.106218918           6.448206893
 86000           1.512190233           4.936023787            6.44821402
 86250           1.305941917           5.142250876           6.448192793
 86500           1.114653281           5.333536199            6.44818948
 86750           1.308395253           5.139809115           6.448204368
 87000           1.555457615            4.89276162           6.448219235
 87250           1.222569167           5.225625421           6.448194588
 87500           1.030321921           5.417844987           6.448166908
 87750            1.56248074           4.885730824           6.448211564
 88000           1.254166341           5.194026663           6.448193003
 88250            1.36105073           5.087156876           6.448207605
 88500           1.448902879           4.999293918           6.448196797
 88750           1.160803849           5.287359766           6.448163615
 89000           1.333050449            5.11515346            6.44820391
 89250           1.374671683           5.073521904           6.448193587
 89500           1.327048349           5.121154247           6.448202596
 89750           1.388013215           5.060194605            6.44820782
 90000           1.316622316           5.131561363           6.448183679
 90250           1.073148656           5.375020823           6.448169479
 90500          0.9431432857           5.505011788           6.448155073
 90750           1.611396948           4.836820095           6.448217044
 91000            1.51496378           4.933265685           6.448229465
 91250           1.207227719           5.240987985           6.448215704
 91500           1.468545946            4.97967514           6.448221086
 91750           1.271760167           5.176422741           6.448182908
 92000           1.555061576           4.893145479           6.448207055
 92250           1.647987584           4.800224918           6.448212502
 92500           1.597869033           4.850343541           6.448212574
 92750           1.402280933           5.045919387            6.44820032
 93000           1.511768836            4.93643876           6.448207597
 93250           1.289639354           5.158548491           6.448187844
 93500           1.322259644           5.125930363           6.448190006
 93750           1.207172955           5.241015686           6.448188641
 94000           1.342923012           5.105278817           6.448201829
 94250           1.355078403           5.093105059           6.448183462
 94500           1.495918815           4.952296913           6.448215728
 94750           1.462393741           4.985816597           6.448210338
 95000           1.357273864           5.090920796           6.448194659
 95250            1.40845748           5.039747301           6.448204782
 95500           1.606299682           4.841925119             6.4482248
 95750           1.287499502           5.160695631           6.448195133
 96000           1.396245286           5.051955984            6.44820127
 96250           1.472863176           4.975351097           6.448214273
 96500           1.507572407            4.94063802           6.448210426
 96750           1.564903575           4.883313159           6.448216734
 97000           1.402305665           5.045878506           6.448184171
 97250           1.722715596           4.725493892           6.448209488
 97500           1.412213288           5.035979901           6.448193189
 97750           1.661053507           4.787172141           6.448225648
 98000             1.5227424           4.925459003           6.448201403
 98250           1.338397701           5.109794216           6.448191917
 98500            1.33713761           5.111055057           6.448192667
 98750           1.687093279            4.76114827            6.44824155
 99000           1.350499546            5.09771719           6.448216735
 99250            1.56810541           4.880117211           6.448222621
 99500           1.165339793           5.282840632           6.448180425
 99750           1.703666639           4.744556657           6.448223295
100000           1.416690974           5.031510965           6.448201938
100250            1.64770501           4.800516013           6.448221023
100500            1.56259448           4.885612757           6.448207238
100750           1.761672996           4.686551728           6.448224723
101000           1.713085737            4.73513274           6.448218477
101250           1.765860024           4.682349192           6.448209215
101500           1.302059524           5.146118648           6.448178172
101750            1.41249834           5.035700785           6.448199126
102000           1.028508198           5.419666591           6.448174789
102250           1.543178096           4.905029881           6.448207977
102500            1.53470846           4.913500434           6.448208894
102750           1.546550307           4.901656479           6.448206786
103000           1.447118021           5.001090067           6.448208089
103250           1.382342848           5.065858985           6.448201833
103500           1.391607589           5.056593938           6.448201527
103750          0.9800325277           5.468123458           6.448155985
104000           1.545921949           4.902278197           6.448200147
104250           1.219278806           5.228905067           6.448183874
104500            1.64923101           4.798996546           6.448227557
104750           1.754452721           4.693781578           6.448234299
105000           1.502264474           4.945945765           6.448210239
105250           1.304306068            5.14388609           6.448192158
105500           1.245822287           5.202351555           6.448173842
105750           1.031757818           5.416405689           6.448163507
106000           1.466565309            4.98165274           6.448218048
106250           1.293693817           5.154497316           6.448191134
106500           1.503962284           4.944248219           6.448210503
106750           1.455936615           4.992255113           6.448191728
107000           1.500328013           4.947879357            6.44820737
107250           1.587770125           4.860449489           6.448219615
107500           1.361915161           5.086280642           6.448195803
107750           1.435552817           5.012657377           6.448210195
108000           1.214315381           5.233865166           6.448180547
108250           1.318637755            5.12954241           6.448180165
108500           1.124893636           5.323279628           6.448173264
108750           1.039883086           5.408287373           6.448170459
109000           1.190451845           5.257744593           6.448196438
109250           1.426012965           5.022200648           6.448213613
109500            1.42636654           5.021834952           6.448201492
109750           1.346957417            5.10124364           6.448201057
110000           1.184201932           5.263980748           6.448182681
110250           1.366391795           5.081825932           6.448217728
110500           1.360595835           5.087615132           6.448210967
110750            1.27977053           5.168424998           6.448195529
111000           1.317061564           5.131130569           6.448192133
111250            1.09601998           5.352155623           6.448175603
111500           1.284393044           5.163805082           6.448198126
111750           1.103079009            5.34510829           6.448187299
112000            1.36792057           5.080264273           6.448184843
112250           1.288721513           5.159476698            6.44819821
112500           1.243589372           5.204619798           6.448209171
112750           1.751761038           4.696476329           6.448237367
113000           1.458110229           4.990116192           6.448226421
113250           1.168349529           5.279841342           6.448190871
113500           1.374769176           5.073437141           6.448206317
113750           1.346427481           5.101791166           6.448218647
114000           1.566927734           4.881304655           6.448232389
114250           1.577684516           4.870524338           6.448208855
114500           1.369963066            5.07823694           6.448200006
114750           1.256982219           5.191208819           6.448191038
115000           1.516787614           4.931413493           6.448201107
115250           1.211739407           5.236447424            6.44818683
115500            1.23835876           5.209841898           6.448200658
115750           1.591646001           4.856568788           6.448214789
116000           1.339320537           5.108871996           6.448192534
116250           1.185260811           5.262932828           6.448193639
116500            1.34971462           5.098478807           6.448193427
116750           1.868862765           4.579379751           6.448242515
117000           1.390457109           5.057744886           6.448201994
117250           1.624076999           4.824147968           6.448224967
117500           1.450708352            4.99748745           6.448195802
117750           1.074509309           5.373659087           6.448168396
118000           1.408648197           5.039537481           6.448185678
118250           1.438187777           5.010004127           6.448191904
118500           1.434365687           5.013836848           6.448202534
118750           1.303670111           5.144529414           6.448199525
119000           1.456232714           4.991971991           6.448204705
119250           1.363986439           5.084204967           6.448191407
119500           1.146412384           5.301765255           6.448177639
119750           1.370768586           5.077424394            6.44819298
120000           1.207577067           5.240592849           6.448169915
120250           1.455221428           4.992981325           6.448202754
120500           1.315396208           5.132793276           6.448189484
120750           1.007374695           5.440786728           6.448161423
121000           1.425271101           5.022910367           6.448181468
121250           1.024288196           5.423857595           6.448145791
121500           1.667859815            4.78035596           6.448215775
121750           1.233258508           5.214923048           6.448181556
122000           1.559498347           4.888718577           6.448216924
122250           1.332138915           5.116067084           6.448205999
122500           1.319527347           5.128658896           6.448186243
122750           1.703048868           4.745172344           6.448221212
123000           1.831384675           4.616854731           6.448239406
123250           1.469263023           4.978944684           6.448207707
123500           1.599506891           4.848708591           6.448215482
123750           1.390032431           5.058172528           6.448204959
124000           1.325177628           5.123015534           6.448193162
124250           1.472722289           4.975481999           6.448204288
124500           1.653183702           4.795034403           6.448218104
124750           1.733736591           4.714493017           6.448229608
125000           1.967047343           4.481200618           6.448247961
125250           1.741776275           4.706463308           6.448239583
125500           1.750986921           4.697255146           6.448242067
125750           1.556978554           4.891256958           6.448235511
126000           1.557027864           4.891196453           6.448224317
126250           1.601098787           4.847135521           6.448234307
126500           1.505760383           4.942449129           6.448209512
126750            1.77328672           4.674933007           6.448219727
127000           1.614514509           4.833685734           6.448200243
127250           1.708212626           4.739999914           6.448212541
127500           1.417566194           5.030619455            6.44818565
127750           1.468818776           4.979378944            6.44819772
128000           1.585270237           4.862939896           6.448210133
128250           1.438603643           5.009598068           6.448201711
128500           1.126861303           5.321306846           6.448168149
128750           1.373359827           5.074835672           6.448195498
129000           1.780153386           4.668080079           6.448233465
129250           1.246455314           5.201737008           6.448192322
129500            1.50336731           4.944845091           6.448212401
129750           1.660136435           4.788081112           6.448217547
130000           1.542309885           4.905893669           6.448203554
130250           1.397960931           5.050228999            6.44818993
130500           1.406903164           5.041294458           6.448197622
130750           1.462696377            4.98550108           6.448197457
131000           1.651840503           4.796370633           6.448211135
131250           1.403124713            5.04507309           6.448197804
131500           1.622563005           4.825671323           6.448234328
131750           1.536492283           4.911724749           6.448217032
132000           1.679141319           4.769068238           6.448209556
132250           1.267248269           5.180923578           6.448171846
132500           1.409473534            5.03871784           6.448191375
132750             1.1411423           5.307015005           6.448157306
133000           1.578286501            4.86991764           6.448204141
133250           1.236494132           5.211686967           6.448181099
133500            1.40510997           5.043073259           6.448183229
133750           1.601214888           4.846989987           6.448204874
134000            1.43842174           5.009764634           6.448186374
134250           1.365734513           5.082456891           6.448191404
134500           1.390274345           5.057911185            6.44818553
134750           1.432338981           5.015845197           6.448184178
135000           1.631978337           4.816235512           6.448213849
135250           1.382633036           5.065567151           6.448200188
135500           1.643466754           4.804752196            6.44821895
135750           1.267066893           5.181117249           6.448184141
136000            1.21047982           5.237687692           6.448167511
136250            1.56458887           4.883596499           6.448185368
136500           1.572178779           4.876013682            6.44819246
136750           1.473877243           4.974311602           6.448188845
137000           1.441857565           5.006330335             6.4481879
137250           1.337502763           5.110682035           6.448184798
137500           1.527155744           4.921040817           6.448196561
137750           1.103146212           5.345013108            6.44815932
138000           1.350054956           5.098131904            6.44818686
138250           1.603950993           4.844253596           6.448204589
138500           1.535999112            4.91218511           6.448184223
138750           1.359072617           5.089093705           6.448166322
139000           1.532332878           4.915860194           6.448193072
139250           1.640345479            4.80786159           6.448207069
139500           1.251146347           5.197027873           6.448174219
139750           1.188437404           5.259731405           6.448168809
140000           1.934860144            4.51336204           6.448222184
140250           1.155024983           5.293137128           6.448162111
140500           1.344813848           5.103372796           6.448186645
140750           1.361967935           5.086212847           6.448180781
141000           1.281034305           5.167137551           6.448171856
141250           1.045142915           5.403009081           6.448151996
141500           1.350463039           5.097707927           6.448170966
141750           1.369978879           5.078189681            6.44816856
142000           1.133461127           5.314700618           6.448161745
142250           1.550650184            4.89754409           6.448194274
142500            1.39092499            5.05725645           6.448181441
142750           1.194789457            5.25337791           6.448167367
143000            1.20660564           5.241566183           6.448171823
143250           1.630180696           4.818031678           6.448212374
143500           1.387967614           5.060218233           6.448185847
143750           1.498373446           4.949828305            6.44820175
144000           1.647825942           4.800389298           6.448215239
144250           1.131892828           5.316277965           6.448170793
144500           1.515239235           4.932973372           6.448212608
144750           1.468741068           4.979456959           6.448198027
145000           1.280587709           5.167594963           6.448182673
145250           1.389022227           5.059163414           6.448185641
145500           1.393786406           5.054408744            6.44819515
145750           1.563281822           4.884927458            6.44820928
146000           1.057688549             5.3904686           6.448157149
146250           1.701162469           4.747055744           6.448218212
146500           1.616598193           4.831620785           6.448218979
146750           1.723224749           4.725003627           6.448228376
147000            1.31687742           5.131318975           6.448196395
147250           1.253004694            5.19517916           6.448183855
147500           1.558959333            4.88925676           6.448216092
147750           1.747766608           4.700468768           6.448235375
148000           1.666752966           4.781467029           6.448219996
148250            1.56770001           4.880515845           6.448215855
148500           1.441493661           5.006705921           6.448199582
148750           1.619332184            4.82887833           6.448210513
149000           1.271621781           5.176558304           6.448180085
149250           1.614739836           4.833466081           6.448205917
149500           1.857060943            4.59116821           6.448229152
149750           1.418490918            5.02970173           6.448192648
150000           1.673727966           4.774490215           6.448218181
150250           1.554591485           4.893611503           6.448202988
150500           1.477421129           4.970784517           6.448205646
150750           1.615490478            4.83274248           6.448232958
151000           1.243648662           5.204551389           6.448200051
151250           1.359837345           5.088365466           6.448202811
151500           1.002567265           5.445602979           6.448170244
151750             1.4675267           4.980691495           6.448218195
152000           1.481170905           4.967040094           6.448210999
152250            1.14245825            5.30572834            6.44818659
152500           1.090118337           5.358066971           6.448185308
152750            1.10932534           5.338863615           6.448188954
153000           1.483410472           4.964804967           6.448215439
153250           1.218702989           5.229482102            6.44818509
153500           1.781040499           4.667186465           6.448226964
153750           1.285976684           5.162210405           6.448187089
154000           1.582516138            4.86569663           6.448212768
154250           1.739815313           4.708407737            6.44822305
154500           1.701223217           4.746983625           6.448206842
154750           1.392555622           5.055623702           6.448179324
155000           1.446652743           5.001533916           6.448186658
155250           1.501933924           4.946251743           6.448185667
155500           1.039624129           5.408526338           6.448150467
155750           1.080873201           5.367297567           6.448170769
156000           1.287245131           5.160939635           6.448184765
156250           1.267644817           5.180533535           6.448178352
156500           1.469665579           4.978536235           6.448201815
156750           1.419013901            5.02919696           6.448210861
157000           1.375618294           5.072588737           6.448207031
157250           1.283019535           5.165165847           6.448185382
157500             1.3811869           5.066993235           6.448180135
157750           1.554306733           4.893891336           6.448198069
158000           1.680622513           4.767590604           6.448213117
158250           1.598910638            4.84929753           6.448208168
158500           1.195870658           5.252312617           6.448183275
158750           1.651566524           4.796658568           6.448225092
159000           1.713957638           4.734259026           6.448216664
159250           1.003471523            5.44468673           6.448158253
159500           1.723309264           4.724918711           6.448227974
159750           1.411763998           5.036454519           6.448218517
160000            1.12278849            5.32539716            6.44818565
160250           1.842053258           4.606183613           6.448236871
160500           1.424504302           5.023699143           6.448203445
160750           1.449711888           4.998497261           6.448209149
161000           1.675540399           4.772689197           6.448229596
161250           1.356760355           5.091446478           6.448206833
161500           1.386429789           5.061775488           6.448205277
161750           1.516210311           4.931991763           6.448202074
162000           1.135133213           5.313032817            6.44816603
162250           1.287192508           5.160995048           6.448187556
162500           1.464383394           4.983818546            6.44820194
162750           1.549293086           4.898908982           6.448202068
163000           1.722234566            4.72597632           6.448210886
163250            1.58432339           4.863880421           6.448203811
163500           1.490310303            4.95789498           6.448205283
163750           1.192116845           5.256066372           6.448183217
164000           1.486789655           4.961420698           6.448210354
164250           1.532431086           4.915788781           6.448219867
164500           1.739929944           4.708301603           6.448231547
164750          0.9893676384           5.458790035           6.448157674
165000           1.470000519           4.978200557           6.448201076
165250           1.369490009           5.078702044           6.448192054
165500           1.359637438           5.088559148           6.448196586
165750           1.969435304           4.478819809           6.448255114
166000           1.037174301           5.410994681           6.448168983
166250           1.654528821           4.793700068            6.44822889
166500           1.239758589           5.208424881            6.44818347
166750           1.274527213           5.173666312           6.448193525
167000           1.429566809            5.01863882           6.448205629
167250            1.19868216           5.249499235           6.448181395
167500           1.495147718           4.953057368           6.448205086
167750           1.030841515           5.417321979           6.448163494
168000           1.234607605           5.213572361           6.448179965
168250           1.401777286           5.046417046           6.448194332
168500           1.610868157           4.837344834           6.448212992
168750           1.612504064           4.835714731           6.448218794
169000           1.279669529            5.16852691           6.448196438
169250           1.656373967           4.791853416           6.448227383
169500           1.252134099           5.196052562           6.448186661
169750           1.353814596           5.094387654            6.44820225
170000           1.664846665           4.783388044           6.448234709
170250           1.750602545            4.69763635           6.448238895
170500           1.745803145           4.702449207           6.448252351
170750           1.215847894           5.232351469           6.448199363
171000           1.531980991            4.91622722            6.44820821
171250           1.104965855            5.34320988           6.448175735
171500           1.419444373           5.028760543           6.448204917
171750           1.676133946            4.77208974           6.448223685
172000           1.185903237           5.262293482           6.448196719
172250            1.64319052           4.805037528           6.448228049
172500           1.218626132            5.22956512           6.448191252
172750           1.140838989            5.30734179           6.448180779
173000           1.673417039           4.774801429           6.448218468
173250           1.074188508           5.373986495           6.448175004
173500            1.01637132           5.431808503           6.448179823
173750           1.448955966           4.999260165           6.448216131
174000           1.341977139           5.106223759           6.448200898
174250           1.396968376           5.051227309           6.448195685
174500            1.00629982           5.441856893           6.448156713
174750           1.364223005           5.083973678           6.448196683
175000           1.544273199           4.903942966           6.448216164
175250           1.271501289           5.176684075           6.448185364
175500           1.423909642           5.024294564           6.448204206
175750           0.977625362           5.470534895           6.448160257
176000            1.62632131           4.821886262           6.448207572
176250           1.098905526           5.349273072           6.448178598
176500            1.63139681           4.816832454           6.448229264
176750           1.442407349           5.005804456           6.448211806
177000           1.304519139            5.14367787           6.448197009
177250           1.154927035           5.293255765             6.4481828
177500           1.209371364           5.238811826            6.44818319
177750           1.189248147            5.25893123           6.448179377
178000           1.416742026           5.031462784            6.44820481
178250           1.801039505           4.647193958           6.448233464
178500           1.263780787           5.184417908           6.448198695
178750           1.636705174           4.811510351           6.448215524
179000           1.482577232           4.965620636           6.448197868
179250           1.525773192           4.922438972           6.448212164
179500           1.307711124            5.14048538           6.448196503
179750           1.409198188           5.038997313           6.448195501
180000             1.3062473           5.141944915           6.448192215
180250           1.015227565            5.43294806           6.448175625
180500           1.372574864           5.075635737           6.448210601
180750           1.361965528           5.086247685           6.448213213
181000           1.297496428           5.150718075           6.448214503
181250            1.58270174           4.865519931           6.448221671
181500           1.331726361           5.116476746           6.448203107
181750           1.708884751           4.739352093           6.448236844
182000           1.447138516           5.001085018           6.448223534
182250           1.435004375            5.01322035           6.448224725
182500           1.232801148           5.215392762            6.44819391
182750           1.205910708           5.242275937           6.448186644
183000           1.315530412           5.132651987           6.448182399
183250           1.808317233           4.639925773           6.448243007
183500            1.57724059            4.87098554            6.44822613
183750           1.390185577           5.058024148           6.448209726
184000           1.599768188           4.848450943           6.448219131
184250           1.482301852            4.96590188           6.448203732
184500           1.523121293           4.925084695           6.448205988
184750            1.36579949           5.082392535           6.448192025
185000           1.452491436           4.995726484            6.44821792
185250           1.440281955           5.007956247           6.448238202
185500           1.364716533           5.083512668           6.448229201
185750           1.316401871           5.131808518           6.448210388
186000            1.38839858           5.059796183           6.448194763
186250           1.123015648           5.325164589           6.448180237
186500           1.185924133           5.262282263           6.448206397
186750           1.231055629           5.217150546           6.448206175
187000           1.313817191           5.134392141           6.448209333
187250           1.352752095           5.095438007           6.448190102
187500           1.247375849           5.200802388           6.448178237
187750           1.129315769           5.318861007           6.448176777
188000           1.408146154           5.040057279           6.448203433
188250            1.57942765           4.868800921           6.448228572
188500           1.485819126           4.962402148           6.448221274
188750           1.481749602           4.966467328           6.448216931
189000           1.607251538            4.84096266           6.448214198
189250           1.648424042           4.799790599           6.448214641
189500           1.355245914           5.092951037           6.448196951
189750           1.531215466           4.916990538           6.448206004
190000           1.203674114            5.24449779           6.448171904
190250           1.557573842           4.890619149           6.448192991
190500           1.438899356           5.009293097           6.448192453
190750           1.499413935           4.948795557           6.448209491
191000           1.357834757            5.09035346           6.448188217
191250           1.253106578           5.195071716           6.448178294
191500           1.530631547           4.917579193            6.44821074
191750           1.703638402            4.74458207           6.448220472
192000            1.52762852           4.920566934           6.448195453
192250           1.639674745           4.808543309           6.448218053
192500           1.806892032            4.64135323           6.448245262
192750            1.33843471           5.109760551           6.448195261
193000           1.225571827           5.222605274           6.448177101
193250           1.625585638           4.822628656           6.448214294
193500           1.485886106           4.962308172           6.448194278
193750           1.453929854           4.994269389           6.448199243
194000           1.543269693           4.904947435           6.448217127
194250           1.296315165           5.151885602           6.448200768
194500           1.526931658            4.92128727           6.448218928
194750           1.515856027           4.932372758           6.448228785
195000           1.321112233           5.127089959           6.448202193
195250           1.201669025           5.246523128           6.448192153
195500            1.47670593           4.971513427           6.448219357
195750           1.240127271           5.208074037           6.448201308
196000           1.391228375           5.056987407           6.448215783
196250           1.553419169           4.894814669           6.448233838
196500           1.572194346           4.876032001           6.448226347
196750           1.328172938           5.120016959           6.448189897
197000           1.305373521           5.142821856           6.448195377
197250           1.188733022           5.259456736           6.448189758
197500           1.102130042           5.346045673           6.448175715
197750           1.366767276           5.081430576           6.448197853
198000            1.04926568            5.39890306            6.44816874
198250           1.386611152           5.061575058            6.44818621
198500           1.107184713           5.340992469           6.448177182
198750           1.357837855           5.090376285            6.44821414
199000           1.354508173           5.093708617           6.448216791
199250            1.28112294            5.16708286             6.4482058
199500           1.698318777            4.74990206           6.448220838
199750           1.386125314           5.062078646           6.448203961
